0.0165601  -0.484195  
0.0114253  -0.332647  
0.0170499  -0.490763  
0.0128611  -0.359649  
0.0149279  -0.430453  
0.0125498  -0.353833  
0.0120154  -0.351452  
0.0139159  -0.417127  
0.00908726  -0.264652  
0.0120951  -0.368515  
0.010192  -0.308672  
0.0168461  -0.510116  
0.00836832  -0.223294  
0.0163846  -0.486457  
0.0105106  -0.296269  
0.0126916  -0.366236  
0.00953212  -0.269268  
0.0106457  -0.322527  
0.0108193  -0.310957  
0.0135722  -0.388772  
0.0108291  -0.313748  
0.0116036  -0.349308  
0.015466  -0.479998  
0.0117353  -0.384704  
0.0157711  -0.504352  
0.0115346  -0.376202  
0.0118889  -0.397634  
0.0121803  -0.402364  
0.0127835  -0.411409  
0.012943  -0.410081  
0.0137486  -0.403762  
0.0115988  -0.384174  
0.0117452  -0.34756  
0.0136376  -0.485616  
0.0102697  -0.354685  
0.0119953  -0.39366  
0.0138079  -0.44998  
0.0113588  -0.402321  
0.0129812  -0.431822  
0.010882  -0.346224  
0.0101047  -0.350901  
0.0127691  -0.396487  
0.0127768  -0.425026  
0.0143571  -0.420172  
0.0130331  -0.417177  
0.010281  -0.35268  
0.0117532  -0.407125  
0.0144503  -0.552642  
0.011614  -0.390058  
0.0118194  -0.416802  
0.0125413  -0.423159  
0.0129173  -0.434835  
0.0125014  -0.455913  
0.0115016  -0.405339  
0.0125208  -0.407105  
0.0132227  -0.436677  
0.0123284  -0.395735  
0.0120025  -0.377505  
0.0120556  -0.42243  
0.0119883  -0.435161  
0.0102257  -0.367593  
0.00928979  -0.329282  
0.0120811  -0.393996  
0.0104381  -0.369263  
0.0108055  -0.371723  
0.0111261  -0.387868  
0.0108725  -0.350983  
0.0109173  -0.388433  
0.0139767  -0.462719  
0.0104586  -0.371037  
0.0116164  -0.433265  
0.011626  -0.383934  
0.0133965  -0.483475  
0.00974437  -0.341178  
0.0118443  -0.422868  
0.00957572  -0.337674  
0.011156  -0.35611  
0.0131505  -0.467669  
0.0111035  -0.398839  
0.0103336  -0.366966  
0.0117144  -0.413546  
0.0113233  -0.405017  
0.0109516  -0.377416  
0.0115872  -0.401448  
0.00796812  -0.298827  
0.0147406  -0.471425  
0.0120362  -0.425483  
0.0104136  -0.35018  
0.010628  -0.344961  
0.0108638  -0.389003  
0.0113539  -0.4125  
0.0131875  -0.445731  
0.0103641  -0.507839  
0.011756  -0.416867  
0.010706  -0.378851  
0.010919  -0.359597  
0.0118213  -0.463007  
0.0120331  -0.405592  
0.0128714  -0.450834  
0.0117954  -0.418206  
0.0127428  -0.453919  
0.0119423  -0.385793  
0.0129047  -0.426935  
0.0131211  -0.450154  
0.0107675  -0.371623  
0.0117138  -0.394017  
0.0137173  -0.516982  
0.0120458  -0.41104  
0.0117011  -0.39524  
0.0135856  -0.510686  
0.0139952  -0.45529  
0.0141128  -0.451258  
0.0141363  -0.475269  
0.0150869  -0.538248  
0.014502  -0.499771  
0.00921778  -0.258641  
0.013043  -0.413991  
0.0135332  -0.413167  
0.0136664  -0.405637  
0.0129277  -0.413904  
0.0168278  -0.557116  
0.0105328  -0.392284  
0.0173386  -0.563532  
0.0105588  -0.418408  
0.0143292  -0.477576  
0.0116564  -0.435722  
0.011129  -0.387247  
0.0140184  -0.46084  
0.0141189  -0.496152  
0.00946387  -0.364408  
0.0138723  -0.486761  
0.00907748  -0.301952  
0.0134852  -0.437806  
0.0135139  -0.461167  
0.0123319  -0.431761  
0.0135178  -0.454007  
0.0149341  -0.508532  
0.0118846  -0.394939  
0.0182115  -0.59497  
0.0152112  -0.494756  
0.016917  -0.545749  
0.0151897  -0.491523  
0.013138  -0.429367  
0.0125909  -0.458339  
0.0145681  -0.502383  
0.0170668  -0.569932  
0.0157647  -0.526479  
0.0125527  -0.439181  
0.0176369  -0.573625  
0.0135508  -0.449764  
0.0171554  -0.584094  
0.0204775  -0.661438  
0.0125799  -0.408971  
0.016521  -0.511496  
0.0147684  -0.48442  
0.0132502  -0.44714  
0.0171225  -0.572978  
0.0128096  -0.464326  
0.014614  -0.511419  
0.0148905  -0.470786  
0.0153152  -0.512452  
0.0147194  -0.5173  
0.0143826  -0.505048  
0.0162734  -0.563086  
0.0176136  -0.609466  
0.0205557  -0.6681  
0.0129414  -0.450064  
0.0149203  -0.523474  
0.0128136  -0.476491  
0.00983809  -0.373951  
0.0137181  -0.525225  
0.0148214  -0.471149  
0.0139202  -0.460622  
0.0127015  -0.446039  
0.0143773  -0.47408  
0.0134912  -0.477258  
0.00969763  -0.306102  
0.0122656  -0.385103  
0.00980746  -0.355424  
0.00994592  -0.318097  
0.0138053  -0.434338  
0.0124444  -0.375458  
0.00968325  -0.320962  
0.0141092  -0.476905  
0.0112187  -0.36733  
0.0109924  -0.35994  
0.0149839  -0.532964  
0.00971554  -0.345124  
0.0139558  -0.442104  
0.0124273  -0.419681  
0.0113101  -0.374446  
0.0105751  -0.365705  
0.0107709  -0.349035  
0.00933951  -0.31837  
0.0115118  -0.366583  
0.0106797  -0.368034  
0.012203  -0.389561  
0.00889479  -0.288784  
0.0138074  -0.493744  
0.0158227  -0.540782  
0.012914  -0.424527  
0.0157986  -0.520628  
0.0147719  -0.480456  
0.0162254  -0.559575  
0.0164821  -0.589227  
0.0140656  -0.465374  
0.0168811  -0.561823  
0.0173772  -0.586666  
0.0142229  -0.491678  
0.013721  -0.45742  
0.0178221  -0.589274  
0.0165947  -0.508906  
0.0156045  -0.538572  
0.0143357  -0.478375  
0.0137666  -0.445194  
0.0155265  -0.508654  
0.0135577  -0.417598  
0.0148737  -0.52667  
0.00907092  -0.323687  
0.0122981  -0.422039  
0.013604  -0.441892  
0.0107515  -0.392397  
0.0133191  -0.506959  
0.0117677  -0.409991  
0.0128779  -0.442828  
0.0127572  -0.473644  
0.0122003  -0.405141  
0.0135383  -0.456556  
0.0139873  -0.46281  
0.0154728  -0.524717  
0.0120458  -0.405582  
0.0143963  -0.491256  
0.0133529  -0.449168  
0.0109587  -0.386355  
0.0122915  -0.40885  
0.012437  -0.42591  
0.0150574  -0.488765  
0.00918848  -0.320098  
0.0117449  -0.42674  
0.0138421  -0.540657  
0.0124564  -0.442438  
0.0102357  -0.39737  
0.0135408  -0.445068  
0.0128939  -0.444142  
0.011914  -0.406363  
0.0131776  -0.442568  
0.0144836  -0.512523  
0.0129459  -0.465016  
0.0129586  -0.450727  
0.0135829  -0.518154  
0.0140415  -0.526346  
0.0175365  -0.584201  
0.0128951  -0.46571  
0.0107497  -0.413267  
0.0139408  -0.47185  
0.0124202  -0.438814  
0.0134911  -0.517023  
0.0129118  -0.439831  
0.012049  -0.418253  
0.0125575  -0.43847  
0.0121893  -0.440176  
0.0139897  -0.491268  
0.0139957  -0.534226  
0.0121227  -0.430029  
0.0135926  -0.44616  
0.01095  -0.345024  
0.0149109  -0.476319  
0.0108201  -0.352692  
0.0122629  -0.406424  
0.0119272  -0.365309  
0.0122779  -0.400496  
0.0149653  -0.466866  
0.0126814  -0.396706  
0.0175768  -0.567379  
0.0122208  -0.406584  
0.0153656  -0.48985  
0.0142071  -0.457033  
0.012872  -0.411172  
0.0146805  -0.498014  
0.013145  -0.432017  
0.013758  -0.445193  
0.0138244  -0.432102  
0.0124798  -0.388843  
0.0127676  -0.402772  
0.0122367  -0.39806  
0.0162814  -0.513841  
0.0148493  -0.498922  
0.0132001  -0.357625  
0.0119825  -0.359887  
0.0127036  -0.38353  
0.0136823  -0.41325  
0.0145093  -0.419535  
0.0130687  -0.389226  
0.0129526  -0.382943  
0.0141915  -0.453809  
0.0147981  -0.426031  
0.0138796  -0.405494  
0.0144409  -0.439019  
0.0134279  -0.406129  
0.0131501  -0.390521  
0.0127386  -0.419783  
0.0120998  -0.33162  
0.0128565  -0.377422  
0.0143687  -0.408145  
0.0113542  -0.345227  
0.012449  -0.363122  
0.0144638  -0.405848  
0.011369  -0.323636  
