122.581 2886.83 321433 943.201 
148.836 2748.39 342162 761.369 
166.085 2747.37 377911 821.274 
146.497 2403.65 399881 650.995 
133.986 2259.27 435033 690.568 
158.623 2767.56 466402 824.085 
113.872 2908.65 467276 835.24 
133.565 2702.14 486273 801.896 
134.453 2552.94 494578 720.057 
131.262 2670.94 518596 790.507 
121.89 2339.37 515222 658.934 
122.342 2321.55 517623 681.059 
126.765 2439.26 519819 737.764 
129.79 2083.69 502365 618.149 
137.08 2657.44 501444 778.22 
104.907 2098.35 468290 598.313 
131.505 2454.7 455122 683.194 
147.781 3023.99 441376 868.456 
124.157 2550.28 401529 707.705 
138.997 2379.25 372824 660.843 
168.405 2614.74 337856 709.237 
132.713 3203.22 325311 1073.13 
110.103 2685.69 319403 864.839 
158.863 3035.86 338110 806.124 
140.384 2814.9 370454 826.31 
129.198 2566.09 392274 661.296 
128.211 2612.44 422226 678.886 
126.226 2679.31 457524 770.211 
106.566 2347.09 468584 656.361 
152.999 2673.49 482369 765.193 
145.792 2693.87 491401 770.933 
145.926 2481.21 519232 735.222 
134.101 2346.31 516829 633.139 
121.638 2169.98 519715 692.714 
119.825 2661.73 509842 730.178 
172.145 2736.36 495550 767.811 
98.6715 2162.34 494672 614.935 
115.526 2393.3 459760 625.675 
101.927 2176.5 448406 584.268 
131.967 2377.14 442020 673.856 
107.257 2187.46 399005 564.822 
104.67 2118.6 365498 573.821 
142.545 2423.98 331685 588.772 
126.198 2456.52 327380 792.597 
181.706 3327.62 109670 916.826 
144.495 3341.23 183864 884.572 
158.659 3294.01 217357 1045.71 
150.039 2810.7 226532 762.836 
201.013 3882.84 252134 1218.85 
174.266 3386.51 254463 970.628 
149.824 3040.05 270134 867.196 
137.949 3394.72 275936 1027.92 
250.788 3702.16 297417 1133.49 
151.65 2914.92 281676 786.691 
170.588 3075.15 294690 1022.11 
151.653 2896.25 285144 863.087 
130.203 3402.32 287800 987.008 
149.844 2702.83 279834 765.638 
193.049 3503.79 282699 1044.92 
123.968 2771.34 254462 723.838 
133.784 3487.76 259045 1085.85 
124.055 3054.26 240282 895.443 
105.031 2900.33 222684 795.613 
132.539 2746.5 206487 743.856 
132.896 2705.98 183795 738.213 
150.11 3132.76 131556 947.429 
115.962 1964.59 53569.6 578.818 
68.2552 1479.1 94582.7 524.614 
93.232 1207.95 110378 404.796 
73.4412 1103.04 117185 407.291 
102.067 1448.33 129072 538.482 
91.0553 1334.69 130701 438.322 
93.7447 1436.14 135780 479.246 
121.3 2083.66 138462 645.659 
84.9295 1523.5 144110 472.184 
102.908 1376.96 144080 439.141 
89.5979 1537.52 144263 489.462 
103.474 1122.63 149067 443.482 
102.264 1419.34 149956 498.63 
87.2391 1224.47 141927 437.076 
92.6351 1339.53 144219 486.392 
109.01 1347.27 132982 469.704 
79.0246 1215.38 132029 409.733 
72.8773 1273.46 122806 444.102 
82.6344 1141.99 115861 408.078 
82.225 1446.1 102911 483.862 
106.341 1352.63 94068.8 467.916 
67.1962 1428.61 66243.6 503.049 
253.357 3728.46 145530 967.43 
152.666 2824.88 318635 707.592 
193.128 3155.94 414240 892.469 
162.774 2682.94 442065 734.848 
184.119 3054.08 493774 872.09 
154.783 2504.52 504770 675.334 
171.13 2872.51 535801 847.224 
175.663 2805.05 543120 804.833 
160.999 2970.16 557818 890.587 
185.268 3203.38 583575 992.288 
215.041 3310.22 607797 1098.1 
155.51 2422.44 566846 699.418 
197.614 2709.55 589335 846.138 
187.109 2906.89 573669 882.306 
182.432 2904.29 559001 881.553 
203.998 3076.67 538461 884.77 
207.22 2908.62 520231 793.682 
158.504 2849.99 479061 758.536 
204.732 3363.97 461142 940.489 
194.642 3521.69 410401 929.445 
151.149 2680.5 325663 702.735 
158.164 3338.17 139302 851.734 
40.5221 752.094 75316.7 345.693 
74.9756 794.698 165932 307.962 
68.2776 762.557 216906 309.892 
112.385 727.431 238175 329.608 
57.174 792.166 259104 340.324 
66.3194 666.342 268452 302.054 
60.178 676.848 278290 275.852 
66.0878 688.274 284339 282.486 
85.2416 699.159 294522 288.353 
93.5586 797.771 304053 326.717 
66.4948 743.244 313854 323.19 
81.423 816.997 295527 344.573 
67.8411 819.428 302102 357.801 
84.7703 1043.15 294800 422.43 
92.0298 887.994 284347 321.203 
95.0339 770.19 283647 317.291 
97.0388 768.114 274940 300.083 
89.2321 928.413 251618 363.247 
65.564 768.747 237732 310.13 
77.5005 763.013 216242 292.329 
90.8864 835.403 169652 278.372 
76.0455 804.455 74601.7 300.922 
206.333 2848.6 47134.2 609.019 
163.243 2844.96 147842 706.109 
129.138 3115.88 209387 914.966 
143.808 3066.82 256062 869.731 
147.613 2904.63 270410 815.338 
145.389 3117.1 295742 941.002 
167.694 2769.43 299784 755.791 
169.114 3199.25 312328 898.067 
155.641 2607.86 309873 755.295 
166.227 3543.98 328359 1105.74 
182.776 3142.22 319223 891.437 
164.142 3004.41 321684 874.908 
187.455 3159.33 319075 862.667 
177.924 3417.04 316656 987.593 
153.936 2881.45 306814 815.519 
168.08 2881.66 295224 808.719 
201.96 3452.83 298168 1015.04 
153.689 2467.75 269223 693.456 
174.195 3740.84 256189 1113.8 
187.9 3273.26 213899 955.281 
137.794 3092.02 157025 792.19 
200.106 3194.58 60911 708.154 
123.805 1483.03 22731.2 430.409 
104.295 1086.13 76775.4 351.544 
76.3015 1125.73 108647 418.154 
70.9623 753.054 132913 264.734 
73.4846 667.08 144684 254.706 
63.5416 819.253 152768 296.753 
71.0294 653.744 159118 269.745 
60.543 717.804 163948 262.053 
77.1394 666.126 163575 290.742 
51.3931 670.463 172290 269.059 
43.5334 754.83 166240 313.724 
77.7952 711.799 170018 303.803 
87.3921 897 169309 368.921 
46.6089 564.898 168521 257.549 
90.9083 903.94 161305 344.779 
44.0084 514.341 159502 251.051 
67.3917 772.071 154449 305.393 
52.0577 589.659 140639 227.62 
73.6303 844.117 135080 340.141 
71.9357 741.252 110149 271.989 
65.6861 734.879 85316.6 299.786 
64.8033 821.36 32426.9 322.491 
205.839 3104.53 73958.3 681.786 
152.633 2943.43 241806 786.727 
225.024 3587.16 378693 1042.49 
223.764 3442.44 471551 984.764 
216.052 3336.28 529327 945.239 
193.873 3349 571770 990.699 
178.198 2836.14 574776 759.841 
208.003 3392.21 622410 1062.11 
192.839 3118.62 617636 903.57 
210.435 3416.08 641355 1013.88 
200.177 3066.39 634991 890.854 
215.725 3209.86 640714 930.025 
273.779 3373.66 650712 1060.01 
220.729 3456.22 631533 1044.92 
224.024 3448.44 618738 1048.8 
214.441 3502.24 596642 1041.84 
190.554 3143.8 566274 890.097 
167.8 3102.09 522686 850.758 
225.866 4020.89 482078 1189.04 
231.453 3802.29 388922 1138.19 
176.387 2807 255159 746.917 
154.313 3022.18 80742.7 723.899 
85.2498 928.026 41059.5 366.992 
71.2986 849.764 127234 311.159 
89.1351 895.029 198306 398.135 
79.639 746.862 246538 306.689 
165.53 811.084 288240 402.858 
88.5915 805.26 300259 305.365 
84.1284 806.57 303184 344.311 
89.3603 945.794 317985 364.816 
107.866 820.614 328994 391.889 
90.291 840.939 331791 349.148 
117.609 931.808 335472 403.698 
90.2618 765.18 334050 305.315 
103.009 795.579 339072 401.042 
81.8996 923.03 324817 369.704 
83.2278 909.507 319175 372.592 
85.5822 879.512 310661 375.916 
84.6839 892.511 293856 340.928 
79.1999 873.484 269557 330.794 
99.1707 795.947 260085 375.503 
81.9478 802.963 201340 284.675 
99.0869 883.411 135178 357.331 
96.5247 1137.06 41725.8 434.842 
241.369 2927.25 31888 641.44 
154.764 2825.06 118059 772.964 
150.96 2757.72 193817 790.109 
164.785 2815.4 248333 793.144 
181.079 2919.29 287255 946.847 
270.577 2920.02 326502 983.956 
200.234 2838.62 322753 838.88 
242.254 3190.69 348003 1045.6 
183.488 3055.44 340736 958.901 
190.014 3391.69 347961 1028.98 
176.655 3278.18 343322 968.56 
223.576 3538.22 356662 1115.92 
176.47 2898.31 337366 794.559 
166.668 3930.33 353005 1280.84 
176.777 2451.78 321307 644.589 
185.11 3209.76 328808 989.96 
167.804 2719.13 303880 818.992 
205.37 3135.96 292009 873.648 
178.035 3196.6 250839 948.763 
198.685 3635.82 200623 970.191 
136.978 3084.52 127089 730.585 
174.699 2925.9 39633.8 581.83 
163.346 1422.25 16108.4 374.218 
72.6549 1058.39 60128.6 297.723 
66.1202 740.038 100442 265.252 
83.7778 720.39 132534 281.126 
71.2511 785.978 149752 331.491 
54.9301 597.277 163363 233.83 
60.053 755.398 162581 267.165 
82.7062 981.974 174345 352.236 
92.101 1428.7 169389 472.883 
82.253 1226.61 177507 439.526 
62.2151 722.632 180747 321.979 
94.2106 826.199 189228 363.525 
62.9234 769.238 175903 323.683 
81.2477 807.175 192905 394.847 
100.41 866.827 166781 277.708 
92.1773 783.198 177357 361.276 
50.9376 540.629 159605 206.998 
75.7599 790.846 152480 322.592 
66.6912 742.173 132812 301.406 
100.923 875.216 107729 345.775 
51.4802 898.71 70007.6 455.323 
62.48 865.845 20341.9 242.309 
200.157 4097.8 61918.4 872.129 
183.161 3416.55 204701 804.022 
172.923 4610.96 343023 1236.8 
207.748 3881.06 455984 1051.33 
188.723 3715.76 528610 1090.58 
210.862 3643.62 576224 1008.76 
242.702 3569.13 628038 1078.55 
175.614 2819.16 628047 855.86 
203.985 3036.54 660623 909.134 
201.356 3512.42 672778 1043.95 
212.319 3421.64 673445 995.843 
207.942 3353.12 670903 949.817 
245.57 3784.52 683124 1105.56 
218.26 3026.23 642696 842.517 
232.557 3688.44 651061 1088.9 
184.695 3675.42 606998 1051.61 
232.353 3673.85 600833 1086.6 
212.193 3380.61 548665 971.78 
204.621 3745.67 467415 1071.3 
252.25 3351.13 370363 969.688 
206.859 3419.88 226481 815.723 
206.859 3419.88 226481 815.723 
78.9387 1099.58 33941.8 376.436 
88.8823 1000.07 109085 349.1 
78.4741 1024.57 182414 383.317 
82.0331 966.756 235334 351.961 
61.5367 719.363 278547 289.493 
85.3264 1003.52 297984 369.645 
79.6979 767.435 327069 334.097 
73.9918 867.693 322550 331.155 
88.2293 914.752 339734 366.613 
76.4121 882.086 344918 339.866 
70.9775 781.191 348580 314.232 
91.7206 775.759 355941 313.54 
97.5802 843.477 358546 346.522 
100.239 905.083 334678 369.327 
80.0786 887.756 341763 380.866 
78.2181 865.566 316942 318.813 
92.3786 1044.64 311645 426.345 
71.3665 776.147 284338 308.901 
84.7539 737.243 250039 289.038 
80.1082 809.393 194091 333.375 
59.5282 842.226 117641 301.662 
75.5907 969.577 35603.3 313.124 
245.92 2920.7 31048.9 552.816 
175.298 2861.82 111839 630.404 
160.095 2772.53 190856 787.091 
139.403 2637.27 240394 734.224 
128.22 2541.78 283716 766.612 
163.669 2836.04 304430 871.721 
142.744 2670.39 329847 843.654 
157.904 2685.34 342035 794.757 
181.725 2810.43 350080 804.814 
178.86 2968 351059 880.69 
170.879 2873.42 349977 848.178 
201.732 3264.21 366514 1038.76 
184.114 2832.09 349326 796.144 
184.316 3064.81 353825 884.095 
177.481 3242.03 337694 896.622 
163.32 3561.21 326907 1039.65 
164.03 2874.5 311489 850.513 
129.079 2422.66 286013 696.908 
164.233 2720.69 250472 748.648 
155.516 2948.39 200471 791.428 
188.617 3073.83 126186 690.621 
208.812 2887.11 35086.7 538.885 
110.647 884.444 16453.4 224.38 
53.7088 673.117 59631 200.759 
73.8987 832.608 99063.4 285.899 
57.5102 550.926 129584 227.041 
58.5136 551.079 152890 224.129 
89.9751 1144.54 155799 405.509 
56.6971 561.716 173390 235.042 
55.4603 630.999 183048 322.398 
67.0076 534.169 184607 215.252 
68.2009 655.067 184380 286.123 
87.6553 811.365 185940 322.675 
61.2224 678.975 189748 269.301 
59.0179 517.332 182706 199.188 
84.3459 674.23 188028 285.291 
57.44 669.485 183528 315.203 
67.3576 721.129 173764 299.015 
70.4651 544.025 168911 257.201 
82.2676 1071.7 145032 380.101 
53.2007 526.806 131971 211.534 
53.083 552.072 106387 220.417 
65.0643 648.658 66681.7 206.607 
88.566 783.703 18592.9 193.841 
191.782 2843.18 66834 582.239 
192.325 3038.51 215337 703.361 
185.546 2933.44 368289 767.802 
165.424 2890.33 454418 771.253 
184.466 3196.55 531783 966.235 
198.867 2792.16 577408 830.886 
189.169 2984.86 613075 845.683 
166.965 2831.53 630665 793.105 
165.107 2531.91 635101 713.681 
203.126 3186.08 666276 917.138 
200.442 3421.64 668717 1023.83 
174.49 2634.08 650990 719.497 
153.258 2337.79 651449 686.291 
163.3 2565.87 645952 727.208 
166.586 2710.33 639440 815.338 
169.977 2704.73 617023 767.519 
182.879 2979.41 586379 850.451 
164.142 2958.05 540470 795.646 
172.592 2982.79 470869 784.298 
208.2 3339.21 377304 927.831 
156.534 2956.95 241595 722.899 
198.783 3220.1 75941.8 617.524 
51.3913 821.18 34352.7 249.733 
63.3442 821.786 111575 273.21 
72.0341 707.985 193433 269.025 
59.6439 793.589 232151 288.517 
73.6666 957.308 270084 331.391 
66.2577 870.97 288243 290.498 
65.255 746.847 316686 292.537 
92.2166 928.602 329928 358.384 
61.3221 717.756 326021 249.746 
53.9669 625.594 344559 255.772 
71.0327 601.562 352548 239.803 
91.1215 847.779 339423 329.568 
73.1401 798.316 331079 280.733 
71.4144 736.236 334935 285.221 
66.3376 831.768 329948 332.282 
78.4989 766.335 321408 311.101 
55.1174 730.308 301654 272.573 
72.409 897.881 280102 320.716 
59.7115 931.473 241430 345.249 
88.9077 884.582 198046 340.407 
52.9979 734.264 124933 225.739 
53.3759 844.004 39764.7 270.14 
299.146 3851.87 36299.5 827.681 
176.722 3589.57 126171 961.957 
225.435 3686.64 199936 1030.24 
256.063 3998.5 247922 1212.8 
225.762 3938.65 272916 1115.04 
241.249 3661.39 298524 1105.29 
219.03 3835.73 315259 1193.25 
251.588 3349.06 326781 1026.09 
276.811 3345.88 334011 1013.83 
217.828 3584.47 333196 1171.59 
177.661 4011.69 334124 1256.82 
195.374 3397.75 326353 981.461 
271.992 3834.91 346268 1196.1 
338.991 3679.24 344150 1122.92 
231.18 3627.45 329513 1090.97 
251.294 3374.98 316538 1030.25 
254.606 3766.88 306233 1207.56 
281.328 3714.95 289390 1163.2 
305.581 3504.5 263284 1108.84 
226.724 3808.53 210098 1084.4 
274.439 3937.63 141491 867.077 
362.772 4117.55 41983.1 793.169 
81.3487 739.195 20160.9 208.616 
97.0453 1102.64 66270.5 381.041 
68.1876 966.241 102985 362.041 
95.3372 1131.95 129478 443.543 
68.5358 839.968 142268 319.03 
79.0519 803.577 157107 349.873 
76.7846 686.763 170846 307.045 
111.354 1064.07 172236 492.607 
87.69 756.581 174460 321.851 
109.637 1036.39 173708 424.815 
62.0277 800.196 177516 349.348 
70.3904 838.791 171203 373.039 
111.15 1131.06 177601 457.887 
107.939 1374.82 168323 516.785 
92.3594 834.712 172588 328.062 
92.6151 962.054 165211 438.031 
71.7383 812.841 159323 348.036 
124.59 1181.04 148819 443.25 
86.8643 1105.64 132043 427.952 
91.8269 885.541 113740 411.932 
89.4736 911.924 74971.5 339.534 
96.0326 977.974 22011.3 372.315 
203.738 3139.82 93025.5 672.146 
193.934 3662.3 275657 890.267 
173.133 3526.84 401231 960.842 
167.935 2927.01 451161 753.329 
202.365 3625.3 515757 1041.69 
150.355 3034.93 522291 819.976 
204.009 3098.17 567715 905.554 
194.538 3093.89 596817 952.92 
205.706 3140.92 604765 911.636 
200.058 3148.98 614660 910.865 
216.304 3218.15 616397 948.587 
184.585 3149.95 608374 928.619 
228.979 3419.89 615905 1017.52 
193.416 3396.37 598177 987.204 
204.624 3437.24 592822 1010.61 
237.391 3854.78 577869 1119.1 
204.566 3217.42 538222 872.624 
202.377 3750.78 525163 1035.52 
234.577 3621.73 487737 982.173 
204.434 3434.46 409394 941.828 
184.28 3334.02 300559 844.035 
184.309 3369.83 118299 778.94 
67.1853 685.757 51029.8 262.871 
57.6064 620.181 148019 251.533 
88.0776 683.233 216442 266.238 
58.1406 610.291 236186 227.933 
66.8936 702.996 272576 304.139 
72.5486 593.173 278305 208.058 
70.2074 667.729 294944 255.724 
64.4293 679.66 309194 281.759 
76.1676 769.666 313929 317.011 
56.8319 535.896 321954 231.889 
54.7895 595.258 322573 255.73 
55.7197 628.249 314418 240.911 
86.1133 752.313 318332 278.52 
56.5623 637.161 312790 270.633 
60.3461 703.703 307929 286.955 
68.0845 697.296 299904 292.095 
76.4611 916.846 278615 339.106 
70.5593 695.505 276953 268.605 
73.4211 697.585 258186 301.685 
92.2259 668.524 219387 261.538 
91.8057 775.346 158458 265.758 
75.3499 679.16 64500.7 232.359 
232.484 3058.15 68290.2 773.848 
198.638 3620.98 169264 1074.91 
146.034 2850.34 211571 755.068 
177.507 2619.66 235689 716.532 
157.582 3403.17 251316 1059.32 
190.716 3115.92 267950 811.609 
201.45 3471.5 284878 1051.19 
198.894 3551.17 290663 990.969 
156.688 3587.39 295056 1157.91 
165.069 2772.23 304287 840.139 
169.619 3051.09 299499 915.264 
175.8 3335.71 306697 974.683 
175.879 3089.59 306061 884.46 
176.048 3792.36 299503 1117.4 
161.538 2780.02 288408 765.291 
204.517 3229.9 301170 1012.94 
155.872 2941.81 270363 827.387 
175.4 3085.9 266265 908.716 
165.988 3176.56 241897 886.576 
158.731 3124.4 218564 835.198 
153.665 3213.35 183097 919.953 
195.688 3832.17 78030.8 970.113 
77.4897 874.741 36793.2 352.573 
75.3363 754.648 89628.3 261.228 
71.2012 989.034 110494 371.489 
83.8145 952.859 121857 365.478 
78.1971 825.665 135403 403.66 
99.5134 828.559 143172 328.329 
98.0569 819.579 147903 302.775 
101.27 806.182 156572 362.978 
117.829 988.241 157493 424.789 
80.74 871.021 155958 325.543 
94.9993 933.654 158074 443.39 
81.715 827.619 166539 411.543 
54.786 672.591 158944 261.853 
54.1697 738.589 157674 297.893 
111.844 905.436 151873 389.197 
71.5952 903.847 157271 425.048 
88.732 905.72 142517 330.782 
89.9394 904.132 138910 398.215 
90.7003 925.103 129386 424.04 
99.1549 897.208 115621 325.524 
96.2678 888.39 99669.5 382.676 
105.4 1047 43229.1 401.931 
195.086 3804.73 217197 1052.49 
183.348 3433.25 340684 926.34 
220.903 3990.33 396551 1100.02 
191.056 3406.1 407149 918.685 
164.609 3870.58 437918 1055.48 
214.35 3493.46 477996 978.367 
195.635 3525.95 503550 989.145 
149.478 3591.66 512006 1070.09 
203.585 3514.68 532985 1006.36 
199.543 3557.74 540125 1070.79 
190.51 3787.15 537623 1081.05 
192.33 3428.76 546781 998.706 
185.24 3512.31 540235 1029.95 
196.727 3198.93 528865 910.4 
177.087 3297.49 521067 954.331 
184.201 3761.72 506626 1130.95 
183.725 3664.2 476080 1007.6 
223.716 3746.71 459511 1074.78 
209.402 3613.57 433858 1053.28 
201.733 3236.14 394199 861.772 
236.769 3977.66 363946 1056.69 
207.004 3311.15 263756 961.108 
129.772 1640.74 111868 500.846 
111.391 1629.87 173865 519.756 
157.011 1962.98 201650 583.253 
136.488 1788.33 206838 530.313 
99.696 1505.11 225427 492.413 
116.645 1857.06 237170 560.099 
122.693 1593.21 257167 513.996 
86.8794 1711.51 257752 556.803 
124.439 1927.92 268633 617.136 
152.173 1687.1 275076 536.029 
135.566 1796.82 275482 591.927 
121.893 1742.18 275589 587.876 
128.917 1734.73 272536 575.258 
144.57 1789.34 267934 573.28 
167.349 1609.72 266551 490.084 
128.283 1539.55 255627 487.607 
114.804 1618.44 242114 514.501 
116.849 1514.01 232858 447.143 
91.9398 1371.44 217225 406.957 
115.36 1529.16 196895 435.703 
112.906 1682.73 184556 608.055 
92.2338 1322.63 132256 418.141 
101.772 2636.22 158751 911.933 
223.187 3070.14 177313 820.657 
159.056 3201.26 190231 870.344 
173.495 2939.71 208224 789.147 
134.506 3411.6 223300 1065.22 
157.353 3013.95 238076 895.754 
169.765 2850.44 246253 846.402 
147.866 3140.12 255763 921.99 
128.572 3281.48 260342 1006.88 
154.222 2768.16 267700 817.524 
189.999 3123.43 272508 940.975 
135.964 3069.83 268572 914.466 
125.486 3146.28 267265 908.977 
157.044 3069.7 267600 908.727 
157.521 3212.52 257674 891.249 
168.278 3421.93 255807 1000.72 
148.08 2922.71 247995 840.778 
180.902 2940.62 235189 815.283 
168.842 3355.08 214925 952.264 
173.195 3180.52 197334 875.653 
178.734 3074.51 185561 910.287 
144.474 3152.97 174619 1027.58 
191.879 2467.98 163171 823.992 
149.014 2840.08 172176 742.976 
125.981 2793.79 191596 836.588 
180.406 2936.8 205908 801.618 
142.184 3010.87 224695 908.663 
158.158 3266.73 232988 871.951 
165.502 3002.46 240442 818.762 
143.184 3092.15 253423 842.899 
183.741 2835 265017 838.75 
163.154 3466.28 263396 1030.38 
181.168 3301.66 270132 962.941 
158.025 2876.24 269784 840.073 
136.767 3098.69 267639 889.976 
140.869 2888.08 262167 819.36 
178.139 3078.37 261225 942.529 
122.02 4121.19 248620 1191.08 
108.074 2246.5 245992 648.076 
195.034 3819.61 230752 1082.87 
221.64 3770.7 214508 996.33 
131.335 2682.95 196888 743.627 
141.496 3108.2 181262 906.338 
154.537 3732.32 172479 1216.96 
